# Data taken from O’Malley, Peter JJ, et al. "Scalable quantum simulation of molecular energies." Physical Review X 6.3 (2016): #031007.
# R $Z_0$,$Z_1$,$Z_0Z_1$,$X_0 X_1$,$Y_0 Y_1$,$t_0$
2.00000e-01 2.84890e+00 5.67800e-01 -1.45080e+00 6.79900e-01 7.91000e-02 7.91000e-02
2.50000e-01 2.18680e+00 5.44900e-01 -1.28700e+00 6.71900e-01 7.98000e-02 7.98000e-02
3.00000e-01 1.72520e+00 5.21500e-01 -1.14580e+00 6.63100e-01 8.06000e-02 8.06000e-02
3.50000e-01 1.38270e+00 4.98200e-01 -1.02260e+00 6.53700e-01 8.15000e-02 8.15000e-02
4.00000e-01 1.11820e+00 4.75400e-01 -9.14500e-01 6.43800e-01 8.25000e-02 8.25000e-02
4.50000e-01 9.08300e-01 4.53400e-01 -8.19400e-01 6.33600e-01 8.35000e-02 8.35000e-02
5.00000e-01 7.38100e-01 4.32500e-01 -7.35500e-01 6.23300e-01 8.46000e-02 8.46000e-02
5.50000e-01 5.97900e-01 4.12500e-01 -6.61200e-01 6.12900e-01 8.58000e-02 8.58000e-02
6.00000e-01 4.80800e-01 3.93700e-01 -5.95000e-01 6.02500e-01 8.70000e-02 8.70000e-02
6.50000e-01 3.81900e-01 3.76000e-01 -5.35800e-01 5.92100e-01 8.83000e-02 8.83000e-02
7.00000e-01 2.97600e-01 3.59300e-01 -4.82600e-01 5.81800e-01 8.96000e-02 8.96000e-02
7.50000e-01 2.25200e-01 3.43500e-01 -4.34700e-01 5.71600e-01 9.10000e-02 9.10000e-02
8.00000e-01 1.62600e-01 3.28800e-01 -3.91500e-01 5.61600e-01 9.25000e-02 9.25000e-02
8.50000e-01 1.08300e-01 3.14900e-01 -3.52300e-01 5.51800e-01 9.39000e-02 9.39000e-02
9.00000e-01 6.09000e-02 3.01800e-01 -3.16800e-01 5.42100e-01 9.54000e-02 9.54000e-02
9.50000e-01 1.93000e-02 2.89500e-01 -2.84500e-01 5.32700e-01 9.70000e-02 9.70000e-02
1.00000e+00 -1.72000e-02 2.77900e-01 -2.55000e-01 5.23500e-01 9.86000e-02 9.86000e-02
1.05000e+00 -4.93000e-02 2.66900e-01 -2.28200e-01 5.14600e-01 1.00200e-01 1.00200e-01
1.10000e+00 -7.78000e-02 2.56500e-01 -2.03600e-01 5.05900e-01 1.01800e-01 1.01800e-01
1.15000e+00 -1.02900e-01 2.46700e-01 -1.81000e-01 4.97400e-01 1.03400e-01 1.03400e-01
1.20000e+00 -1.25300e-01 2.37400e-01 -1.60300e-01 4.89200e-01 1.05000e-01 1.05000e-01
1.25000e+00 -1.45200e-01 2.28600e-01 -1.41300e-01 4.81200e-01 1.06700e-01 1.06700e-01
1.30000e+00 -1.62900e-01 2.20300e-01 -1.23800e-01 4.73500e-01 1.08300e-01 1.08300e-01
1.35000e+00 -1.78600e-01 2.12300e-01 -1.07700e-01 4.66000e-01 1.10000e-01 1.10000e-01
1.40000e+00 -1.92700e-01 2.04800e-01 -9.29000e-02 4.58800e-01 1.11600e-01 1.11600e-01
1.45000e+00 -2.05300e-01 1.97600e-01 -7.92000e-02 4.51800e-01 1.13300e-01 1.13300e-01
1.50000e+00 -2.16500e-01 1.90800e-01 -6.66000e-02 4.45100e-01 1.14900e-01 1.14900e-01
1.55000e+00 -2.26500e-01 1.84300e-01 -5.49000e-02 4.38600e-01 1.16500e-01 1.16500e-01
1.60000e+00 -2.35500e-01 1.78200e-01 -4.42000e-02 4.32300e-01 1.18100e-01 1.18100e-01
1.65000e+00 -2.43600e-01 1.72300e-01 -3.42000e-02 4.26200e-01 1.19600e-01 1.19600e-01
1.70000e+00 -2.50800e-01 1.66700e-01 -2.51000e-02 4.20400e-01 1.21100e-01 1.21100e-01
1.75000e+00 -2.57300e-01 1.61500e-01 -1.66000e-02 4.14800e-01 1.22600e-01 1.22600e-01
1.80000e+00 -2.63200e-01 1.56500e-01 -8.80000e-03 4.09400e-01 1.24100e-01 1.24100e-01
1.85000e+00 -2.68400e-01 1.51700e-01 -1.50000e-03 4.04200e-01 1.25600e-01 1.25600e-01
1.90000e+00 -2.73100e-01 1.47200e-01 5.20000e-03 3.99200e-01 1.27000e-01 1.27000e-01
1.95000e+00 -2.77400e-01 1.43000e-01 1.14000e-02 3.94400e-01 1.28400e-01 1.28400e-01
2.00000e+00 -2.81200e-01 1.39000e-01 1.71000e-02 3.89800e-01 1.29700e-01 1.29700e-01
2.05000e+00 -2.84700e-01 1.35200e-01 2.23000e-02 3.85300e-01 1.31000e-01 1.31000e-01
2.10000e+00 -2.87900e-01 1.31600e-01 2.72000e-02 3.81100e-01 1.32300e-01 1.32300e-01
2.15000e+00 -2.90800e-01 1.28200e-01 3.17000e-02 3.76900e-01 1.33500e-01 1.33500e-01
2.20000e+00 -2.93400e-01 1.25100e-01 3.59000e-02 3.73000e-01 1.34700e-01 1.34700e-01
2.25000e+00 -2.95800e-01 1.22100e-01 3.97000e-02 3.69200e-01 1.35900e-01 1.35900e-01
2.30000e+00 -2.98000e-01 1.19300e-01 4.32000e-02 3.65500e-01 1.37000e-01 1.37000e-01
2.35000e+00 -3.00000e-01 1.16700e-01 4.65000e-02 3.62000e-01 1.38100e-01 1.38100e-01
2.40000e+00 -3.01800e-01 1.14200e-01 4.95000e-02 3.58600e-01 1.39200e-01 1.39200e-01
2.45000e+00 -3.03500e-01 1.11900e-01 5.23000e-02 3.55300e-01 1.40200e-01 1.40200e-01
2.50000e+00 -3.05100e-01 1.09800e-01 5.49000e-02 3.52100e-01 1.41200e-01 1.41200e-01
2.55000e+00 -3.06600e-01 1.07800e-01 5.72000e-02 3.49100e-01 1.42200e-01 1.42200e-01
2.60000e+00 -3.07900e-01 1.05900e-01 5.94000e-02 3.46100e-01 1.43200e-01 1.43200e-01
2.65000e+00 -3.09200e-01 1.04200e-01 6.14000e-02 3.43300e-01 1.44100e-01 1.44100e-01
2.70000e+00 -3.10400e-01 1.02600e-01 6.32000e-02 3.40600e-01 1.45000e-01 1.45000e-01
2.75000e+00 -3.11500e-01 1.01100e-01 6.49000e-02 3.37900e-01 1.45800e-01 1.45800e-01
2.80000e+00 -3.12500e-01 9.97000e-02 6.65000e-02 3.35400e-01 1.46700e-01 1.46700e-01
2.85000e+00 -3.13500e-01 9.84000e-02 6.79000e-02 3.32900e-01 1.47500e-01 1.47500e-01
